rj45-(0).png 1 0 0 50 50
rj45-(1).png 1 0 0 50 50
rj45-(10).png 1 0 0 50 50
rj45-(100).png 1 0 0 50 50
rj45-(101).png 1 0 0 50 50
rj45-(102).png 1 0 0 50 50
rj45-(103).png 1 0 0 50 50
rj45-(104).png 1 0 0 50 50
rj45-(105).png 1 0 0 50 50
rj45-(106).png 1 0 0 50 50
rj45-(107).png 1 0 0 50 50
rj45-(108).png 1 0 0 50 50
rj45-(109).png 1 0 0 50 50
rj45-(11).png 1 0 0 50 50
rj45-(110).png 1 0 0 50 50
rj45-(111).png 1 0 0 50 50
rj45-(112).png 1 0 0 50 50
rj45-(113).png 1 0 0 50 50
rj45-(114).png 1 0 0 50 50
rj45-(115).png 1 0 0 50 50
rj45-(116).png 1 0 0 50 50
rj45-(117).png 1 0 0 50 50
rj45-(118).png 1 0 0 50 50
rj45-(119).png 1 0 0 50 50
rj45-(12).png 1 0 0 50 50
rj45-(120).png 1 0 0 50 50
rj45-(121).png 1 0 0 50 50
rj45-(122).png 1 0 0 50 50
rj45-(123).png 1 0 0 50 50
rj45-(124).png 1 0 0 50 50
rj45-(125).png 1 0 0 50 50
rj45-(126).png 1 0 0 50 50
rj45-(127).png 1 0 0 50 50
rj45-(128).png 1 0 0 50 50
rj45-(129).png 1 0 0 50 50
rj45-(13).png 1 0 0 50 50
rj45-(130).png 1 0 0 50 50
rj45-(131).png 1 0 0 50 50
rj45-(132).png 1 0 0 50 50
rj45-(133).png 1 0 0 50 50
rj45-(134).png 1 0 0 50 50
rj45-(135).png 1 0 0 50 50
rj45-(136).png 1 0 0 50 50
rj45-(137).png 1 0 0 50 50
rj45-(138).png 1 0 0 50 50
rj45-(139).png 1 0 0 50 50
rj45-(14).png 1 0 0 50 50
rj45-(140).png 1 0 0 50 50
rj45-(141).png 1 0 0 50 50
rj45-(142).png 1 0 0 50 50
rj45-(143).png 1 0 0 50 50
rj45-(144).png 1 0 0 50 50
rj45-(145).png 1 0 0 50 50
rj45-(146).png 1 0 0 50 50
rj45-(147).png 1 0 0 50 50
rj45-(148).png 1 0 0 50 50
rj45-(149).png 1 0 0 50 50
rj45-(15).png 1 0 0 50 50
rj45-(150).png 1 0 0 50 50
rj45-(151).png 1 0 0 50 50
rj45-(152).png 1 0 0 50 50
rj45-(153).png 1 0 0 50 50
rj45-(154).png 1 0 0 50 50
rj45-(155).png 1 0 0 50 50
rj45-(156).png 1 0 0 50 50
rj45-(157).png 1 0 0 50 50
rj45-(158).png 1 0 0 50 50
rj45-(159).png 1 0 0 50 50
rj45-(16).png 1 0 0 50 50
rj45-(160).png 1 0 0 50 50
rj45-(161).png 1 0 0 50 50
rj45-(162).png 1 0 0 50 50
rj45-(163).png 1 0 0 50 50
rj45-(164).png 1 0 0 50 50
rj45-(165).png 1 0 0 50 50
rj45-(166).png 1 0 0 50 50
rj45-(167).png 1 0 0 50 50
rj45-(168).png 1 0 0 50 50
rj45-(169).png 1 0 0 50 50
rj45-(17).png 1 0 0 50 50
rj45-(170).png 1 0 0 50 50
rj45-(171).png 1 0 0 50 50
rj45-(172).png 1 0 0 50 50
rj45-(173).png 1 0 0 50 50
rj45-(174).png 1 0 0 50 50
rj45-(175).png 1 0 0 50 50
rj45-(176).png 1 0 0 50 50
rj45-(177).png 1 0 0 50 50
rj45-(178).png 1 0 0 50 50
rj45-(179).png 1 0 0 50 50
rj45-(18).png 1 0 0 50 50
rj45-(180).png 1 0 0 50 50
rj45-(181).png 1 0 0 50 50
rj45-(182).png 1 0 0 50 50
rj45-(183).png 1 0 0 50 50
rj45-(184).png 1 0 0 50 50
rj45-(185).png 1 0 0 50 50
rj45-(186).png 1 0 0 50 50
rj45-(187).png 1 0 0 50 50
rj45-(188).png 1 0 0 50 50
rj45-(189).png 1 0 0 50 50
rj45-(19).png 1 0 0 50 50
rj45-(190).png 1 0 0 50 50
rj45-(191).png 1 0 0 50 50
rj45-(192).png 1 0 0 50 50
rj45-(193).png 1 0 0 50 50
rj45-(194).png 1 0 0 50 50
rj45-(195).png 1 0 0 50 50
rj45-(196).png 1 0 0 50 50
rj45-(197).png 1 0 0 50 50
rj45-(198).png 1 0 0 50 50
rj45-(199).png 1 0 0 50 50
rj45-(2).png 1 0 0 50 50
rj45-(20).png 1 0 0 50 50
rj45-(200).png 1 0 0 50 50
rj45-(201).png 1 0 0 50 50
rj45-(202).png 1 0 0 50 50
rj45-(203).png 1 0 0 50 50
rj45-(204).png 1 0 0 50 50
rj45-(205).png 1 0 0 50 50
rj45-(206).png 1 0 0 50 50
rj45-(207).png 1 0 0 50 50
rj45-(208).png 1 0 0 50 50
rj45-(209).png 1 0 0 50 50
rj45-(21).png 1 0 0 50 50
rj45-(210).png 1 0 0 50 50
rj45-(211).png 1 0 0 50 50
rj45-(212).png 1 0 0 50 50
rj45-(213).png 1 0 0 50 50
rj45-(214).png 1 0 0 50 50
rj45-(215).png 1 0 0 50 50
rj45-(216).png 1 0 0 50 50
rj45-(217).png 1 0 0 50 50
rj45-(218).png 1 0 0 50 50
rj45-(219).png 1 0 0 50 50
rj45-(22).png 1 0 0 50 50
rj45-(220).png 1 0 0 50 50
rj45-(221).png 1 0 0 50 50
rj45-(222).png 1 0 0 50 50
rj45-(223).png 1 0 0 50 50
rj45-(224).png 1 0 0 50 50
rj45-(225).png 1 0 0 50 50
rj45-(226).png 1 0 0 50 50
rj45-(227).png 1 0 0 50 50
rj45-(228).png 1 0 0 50 50
rj45-(229).png 1 0 0 50 50
rj45-(23).png 1 0 0 50 50
rj45-(230).png 1 0 0 50 50
rj45-(231).png 1 0 0 50 50
rj45-(232).png 1 0 0 50 50
rj45-(233).png 1 0 0 50 50
rj45-(234).png 1 0 0 50 50
rj45-(235).png 1 0 0 50 50
rj45-(236).png 1 0 0 50 50
rj45-(237).png 1 0 0 50 50
rj45-(238).png 1 0 0 50 50
rj45-(239).png 1 0 0 50 50
rj45-(24).png 1 0 0 50 50
rj45-(240).png 1 0 0 50 50
rj45-(241).png 1 0 0 50 50
rj45-(242).png 1 0 0 50 50
rj45-(243).png 1 0 0 50 50
rj45-(244).png 1 0 0 50 50
rj45-(245).png 1 0 0 50 50
rj45-(246).png 1 0 0 50 50
rj45-(247).png 1 0 0 50 50
rj45-(25).png 1 0 0 50 50
rj45-(26).png 1 0 0 50 50
rj45-(27).png 1 0 0 50 50
rj45-(28).png 1 0 0 50 50
rj45-(29).png 1 0 0 50 50
rj45-(3).png 1 0 0 50 50
rj45-(30).png 1 0 0 50 50
rj45-(31).png 1 0 0 50 50
rj45-(32).png 1 0 0 50 50
rj45-(33).png 1 0 0 50 50
rj45-(34).png 1 0 0 50 50
rj45-(35).png 1 0 0 50 50
rj45-(36).png 1 0 0 50 50
rj45-(37).png 1 0 0 50 50
rj45-(38).png 1 0 0 50 50
rj45-(39).png 1 0 0 50 50
rj45-(4).png 1 0 0 50 50
rj45-(40).png 1 0 0 50 50
rj45-(41).png 1 0 0 50 50
rj45-(42).png 1 0 0 50 50
rj45-(43).png 1 0 0 50 50
rj45-(44).png 1 0 0 50 50
rj45-(45).png 1 0 0 50 50
rj45-(46).png 1 0 0 50 50
rj45-(47).png 1 0 0 50 50
rj45-(48).png 1 0 0 50 50
rj45-(49).png 1 0 0 50 50
rj45-(5).png 1 0 0 50 50
rj45-(50).png 1 0 0 50 50
rj45-(51).png 1 0 0 50 50
rj45-(52).png 1 0 0 50 50
rj45-(53).png 1 0 0 50 50
rj45-(54).png 1 0 0 50 50
rj45-(55).png 1 0 0 50 50
rj45-(56).png 1 0 0 50 50
rj45-(57).png 1 0 0 50 50
rj45-(58).png 1 0 0 50 50
rj45-(59).png 1 0 0 50 50
rj45-(6).png 1 0 0 50 50
rj45-(60).png 1 0 0 50 50
rj45-(61).png 1 0 0 50 50
rj45-(62).png 1 0 0 50 50
rj45-(63).png 1 0 0 50 50
rj45-(64).png 1 0 0 50 50
rj45-(65).png 1 0 0 50 50
rj45-(66).png 1 0 0 50 50
rj45-(67).png 1 0 0 50 50
rj45-(68).png 1 0 0 50 50
rj45-(69).png 1 0 0 50 50
rj45-(7).png 1 0 0 50 50
rj45-(70).png 1 0 0 50 50
rj45-(71).png 1 0 0 50 50
rj45-(72).png 1 0 0 50 50
rj45-(73).png 1 0 0 50 50
rj45-(74).png 1 0 0 50 50
rj45-(75).png 1 0 0 50 50
rj45-(76).png 1 0 0 50 50
rj45-(77).png 1 0 0 50 50
rj45-(78).png 1 0 0 50 50
rj45-(79).png 1 0 0 50 50
rj45-(8).png 1 0 0 50 50
rj45-(80).png 1 0 0 50 50
rj45-(81).png 1 0 0 50 50
rj45-(82).png 1 0 0 50 50
rj45-(83).png 1 0 0 50 50
rj45-(84).png 1 0 0 50 50
rj45-(85).png 1 0 0 50 50
rj45-(86).png 1 0 0 50 50
rj45-(87).png 1 0 0 50 50
rj45-(88).png 1 0 0 50 50
rj45-(89).png 1 0 0 50 50
rj45-(9).png 1 0 0 50 50
rj45-(90).png 1 0 0 50 50
rj45-(91).png 1 0 0 50 50
rj45-(92).png 1 0 0 50 50
rj45-(93).png 1 0 0 50 50
rj45-(94).png 1 0 0 50 50
rj45-(95).png 1 0 0 50 50
rj45-(96).png 1 0 0 50 50
rj45-(97).png 1 0 0 50 50
rj45-(98).png 1 0 0 50 50
rj45-(99).png 1 0 0 50 50